# File: 1    
# 1       0.0300000000000000   0.0000000000479126   0.0000000000507388
  -0.0293541500   -0.0000000000   -0.0000000000
   0.0035869200    0.0000000000    0.0000000000
  -0.0003072000   -0.0000000000   -0.0000000000
   0.0003226500    0.0000000000    0.0000000000
  -0.0003072000   -0.0000000000   -0.0000000000
   0.0003226500    0.0000000000    0.0000000000
  -0.0002260000   -0.0000000000   -0.0000000000
   0.0001814900    0.0000000000    0.0000000000
   0.0008269300    0.0026209800    0.0000000000
   0.0008251800   -0.0025796500   -0.0000000000
   0.0008269300   -0.0026209800   -0.0000000000
   0.0008251800    0.0025796500    0.0000000000
  -0.0000336000    0.0000664500    0.0000000000
  -0.0000301000   -0.0000672700   -0.0000000000
  -0.0000336000   -0.0000664500   -0.0000000000
  -0.0000301000    0.0000672700    0.0000000000
   0.0008269300    0.0000000000    0.0026209800
   0.0008251800   -0.0000000000   -0.0025796500
  -0.0000336000    0.0000000000    0.0000664500
  -0.0000301000   -0.0000000000   -0.0000672700
   0.0008269300   -0.0000000000   -0.0026209800
   0.0008251800    0.0000000000    0.0025796500
  -0.0000336000   -0.0000000000   -0.0000664500
  -0.0000301000    0.0000000000    0.0000672700
  -0.0008501500   -0.0000085600   -0.0000085600
   0.0005329700    0.0000013400    0.0000013400
  -0.0008501500    0.0000085600   -0.0000085600
   0.0005329700   -0.0000013400    0.0000013400
  -0.0008501500   -0.0000085600    0.0000085600
   0.0005329700    0.0000013400   -0.0000013400
  -0.0008501500    0.0000085600    0.0000085600
   0.0005329700   -0.0000013400   -0.0000013400
   0.0020436600    0.0000000000   -0.0000436400
  -0.0011444000   -0.0000000000   -0.0000016300
   0.0002469400    0.0000000000    0.0000022600
  -0.0003099700   -0.0000000000   -0.0000004800
   0.0020436600    0.0000000000    0.0000436400
  -0.0011444000   -0.0000000000    0.0000016300
   0.0002469400    0.0000000000   -0.0000022600
  -0.0003099700   -0.0000000000    0.0000004800
   0.0100125000    0.0000000000    0.0000000000
   0.0084436100    0.0000000000    0.0000000000
   0.0000049800    0.0000000000    0.0000000000
  -0.0000039100   -0.0000000000   -0.0000000000
   0.0000049800    0.0000000000    0.0000000000
  -0.0000039100   -0.0000000000   -0.0000000000
  -0.0000167700   -0.0000000000   -0.0000000000
  -0.0000205400   -0.0000000000   -0.0000000000
   0.0020436600   -0.0000436400    0.0000000000
  -0.0011444000   -0.0000016300   -0.0000000000
   0.0020436600    0.0000436400    0.0000000000
  -0.0011444000    0.0000016300   -0.0000000000
   0.0002469400    0.0000022600    0.0000000000
  -0.0003099700   -0.0000004800   -0.0000000000
   0.0002469400   -0.0000022600    0.0000000000
  -0.0003099700    0.0000004800   -0.0000000000
  -0.0001304400   -0.0005327400   -0.0005327400
  -0.0001370200    0.0005254600    0.0005254600
  -0.0001304400    0.0005327400   -0.0005327400
  -0.0001370200   -0.0005254600    0.0005254600
  -0.0001304400   -0.0005327400    0.0005327400
  -0.0001370200    0.0005254600   -0.0005254600
  -0.0001304400    0.0005327400    0.0005327400
  -0.0001370200   -0.0005254600   -0.0005254600
# File: 2    
# 33      0.0300000000000000   0.0000000000479126   0.0000000000507388
   0.0020730500    0.0000000000    0.0000309300
  -0.0011209100   -0.0000000000    0.0000106400
   0.0002699300    0.0000000000   -0.0000017300
  -0.0002835200   -0.0000000000    0.0000011900
   0.0020730500    0.0000000000   -0.0000309300
  -0.0011209100   -0.0000000000   -0.0000106400
   0.0002699300    0.0000000000    0.0000017300
  -0.0002835200   -0.0000000000   -0.0000011900
  -0.0001028800   -0.0005344900    0.0005344900
  -0.0001138600    0.0005281200   -0.0005281200
  -0.0001028800    0.0005344900    0.0005344900
  -0.0001138600   -0.0005281200   -0.0005281200
  -0.0001028800   -0.0005344900   -0.0005344900
  -0.0001138600    0.0005281200    0.0005281200
  -0.0001028800    0.0005344900   -0.0005344900
  -0.0001138600   -0.0005281200    0.0005281200
   0.0100015900    0.0000000000    0.0000000000
   0.0084852700    0.0000000000    0.0000000000
   0.0000319400    0.0000000000    0.0000000000
   0.0000220600    0.0000000000    0.0000000000
   0.0000319400    0.0000000000    0.0000000000
   0.0000220600    0.0000000000    0.0000000000
   0.0000042300    0.0000000000    0.0000000000
   0.0000004200    0.0000000000    0.0000000000
   0.0020730500   -0.0000309300    0.0000000000
  -0.0011209100   -0.0000106400   -0.0000000000
   0.0020730500    0.0000309300    0.0000000000
  -0.0011209100    0.0000106400   -0.0000000000
   0.0002699300    0.0000017300    0.0000000000
  -0.0002835200   -0.0000011900   -0.0000000000
   0.0002699300   -0.0000017300    0.0000000000
  -0.0002835200    0.0000011900   -0.0000000000
  -0.0302501100   -0.0000000000   -0.0000000000
   0.0039779700    0.0000000000    0.0000000000
  -0.0004156300   -0.0000000000   -0.0000000000
   0.0005418300    0.0000000000    0.0000000000
  -0.0004156300   -0.0000000000   -0.0000000000
   0.0005418300    0.0000000000    0.0000000000
  -0.0001813600   -0.0000000000   -0.0000000000
   0.0001874000    0.0000000000    0.0000000000
   0.0006997700   -0.0000000000   -0.0017946300
   0.0007197300    0.0000000000    0.0017741100
  -0.0000096100   -0.0000000000   -0.0001678600
  -0.0000030600    0.0000000000    0.0001663400
   0.0006997700    0.0000000000    0.0017946300
   0.0007197300   -0.0000000000   -0.0017741100
  -0.0000096100    0.0000000000    0.0001678600
  -0.0000030600   -0.0000000000   -0.0001663400
  -0.0007953700   -0.0000080400    0.0000080400
   0.0005202700    0.0000025900   -0.0000025900
  -0.0007953700    0.0000080400    0.0000080400
   0.0005202700   -0.0000025900   -0.0000025900
  -0.0007953700   -0.0000080400   -0.0000080400
   0.0005202700    0.0000025900    0.0000025900
  -0.0007953700    0.0000080400   -0.0000080400
   0.0005202700   -0.0000025900    0.0000025900
   0.0006997700    0.0017946300    0.0000000000
   0.0007197300   -0.0017741100   -0.0000000000
   0.0006997700   -0.0017946300   -0.0000000000
   0.0007197300    0.0017741100    0.0000000000
  -0.0000096100    0.0001678600    0.0000000000
  -0.0000030600   -0.0001663400   -0.0000000000
  -0.0000096100   -0.0001678600   -0.0000000000
  -0.0000030600    0.0001663400    0.0000000000
